 1800  2 28     4.1     8.2
 1800  3 31     9.8    12.1
 1800  4 30      .0      .0
 1800  5 31     2.5     7.9
 1800  6  9    23.8     6.9
 1800  7  3    13.0      .0
 1800  8  3    16.7    28.9
 1800  9 20     3.8     9.2
 1800 10 22     5.7    10.7
 1800 11 23     9.6    14.1
 1800 12 20    40.2    27.7
 1801  1 22    51.7    10.4
 1801  2 18    82.8    14.6
 1801  3 30    56.3    27.6
 1801  4 24    62.1    35.1
 1801  5 31    49.3    20.9
 1801  6 30    31.7    17.0
 1801  7 26    45.5    15.4
 1801  8 25    44.8    17.2
 1801  9 30    42.9     9.3
 1801 10 31    44.1    16.3
 1801 11 30    40.3    26.2
 1801 12 31    62.0    20.1
 1802  1 31    51.2    16.2
 1802  2 21    29.5     9.3
 1802  3 31    26.5    19.4
 1802  4 30    43.2    19.3
 1802  5 11    34.5    17.8
 1802  6 10    46.6    22.4
 1802  7  8    51.0    22.8
 1802  8 25    29.4    26.1
 1802  9 30    34.6    14.9
 1802 10 23    20.3    16.4
 1802 11 23    15.6    15.5
 1802 12 14    40.6    40.9
 1803  1 21    16.7    30.6
 1803  2 19    36.4    25.5
 1803  3 16    32.7    28.0
 1803  4 30    11.7    16.8
 1803  5 16    13.3    17.5
 1803  6 21     5.5    12.2
 1803  7 31    31.5    21.5
 1803  8 31    16.4    18.6
 1803  9 16    15.6    23.8
 1803 10 21    14.7    21.5
 1803 11 23     9.2    11.1
 1803 12  7    18.9    20.2
 1804  1 15    28.6    20.2
 1804  2 16    42.6     9.1
 1804  3 23    54.0    14.3
 1804  4 30    11.4    22.3
 1804  5 31    17.7    14.6
 1804  6 24    11.7    15.0
 1804  7 31    14.4    17.3
 1804  8 31    12.3    21.5
 1804  9 30    22.6    34.2
 1804 10 16    33.7    34.6
 1804 11  6     2.5     6.1
 1804 12 13     7.6    16.0
 1805  1  9    42.8    42.6
 1805  2 12    34.7     9.3
 1805  3 22    28.6    27.4
 1805  4 30    12.9    12.4
 1805  5 22      .0      .0
 1805  6 23     2.4     5.1
 1805  7 16    15.3    18.2
 1805  8 20    29.4    21.9
 1805  9 18    33.7    24.4
 1805 10  6    13.0    12.2
 1805 11  2    67.0    24.0
 1805 12  4    27.8     7.9
 1806  1  7    17.1    13.5
 1806  2 18    35.1    22.6
 1806  3 20    32.0    21.3
 1806  4 13    13.5     6.0
 1806  5  2      .0      .0
 1806  6  5    13.0    13.0
 1806  7 10     9.1    12.7
 1806  8  5     3.0     6.7
 1806  9  3    11.7    10.4
 1806 10  3    25.0    25.0
 1806 11  1      .0      .0
 1806 12  1      .0      .0
 1807  1 31      .0      .0
 1807  2  4     9.8     6.5
 1807  3  4     3.0     6.0
 1807  4  9    26.4    10.7
 1807  5  4      .0      .0
 1807  6 14    19.9    22.3
 1807  7 31      .0      .0
 1807  8 31      .0      .0
 1807  9 30      .0      .0
 1807 10 31      .0      .0
 1807 11 30      .4     2.2
 1807 12 31      .0      .0
 1808  1  9      .0      .0
 1808  2 29     2.6     7.7
 1808  3 31      .0      .0
 1808  4 18    10.4    12.2
 1808  5 10    13.0    11.6
 1808  6 21     1.9     6.2
 1808  7 31     1.0     4.0
 1808  8 31      .0      .0
 1808  9 30      .8     4.6
 1808 10 31      .0      .0
 1808 11 30     5.2     9.9
 1808 12 31     6.5    12.9
 1809  1 31     7.0    12.6
 1809  2 28     6.5    12.8
 1809  3 31      .0      .0
 1809  4 30      .0      .0
 1809  5 31      .0      .0
 1809  6 30      .8     4.6
 1809  7 31      .0      .0
 1809  8 31      .0      .0
 1809  9 30      .0      .0
 1809 10 31      .0      .0
 1809 11 25      .0      .0
 1809 12 19      .0      .0
 1810  1 31      .0      .0
 1810  2 28      .0      .0
 1810  3 31      .0      .0
 1810  4 30      .0      .0
 1810  5 31      .0      .0
 1810  6 30      .0      .0
 1810  7 31      .0      .0
 1810  8 31      .0      .0
 1810  9 30      .0      .0
 1810 10 31      .0      .0
 1810 11 30      .0      .0
 1810 12 31      .0      .0
 1811  1 31      .0      .0
 1811  2 28      .0      .0
 1811  3 31      .0      .0
 1811  4 30      .0      .0
 1811  5 31      .0      .0
 1811  6 30      .0      .0
 1811  7 31      .7     1.6
 1811  8 31      .0      .0
 1811  9 30      .8     4.6
 1811 10 31     2.1     6.5
 1811 11 30      .0      .0
 1811 12 31      .0      .0
 1812  1 31     8.0     7.1
 1812  2 21      .6     1.6
 1812  3 31      .0      .0
 1812  4 30      .0      .0
 1812  5 31      .0      .0
 1812  6 30      .0      .0
 1812  7 31      .0      .0
 1812  8 31    14.0    14.3
 1812  9 30     5.5     6.5
 1812 10 31     1.5     5.0
 1812 11 30     5.9    13.8
 1812 12 25    12.2    12.7
 1813  1 31      .5     2.5
 1813  2 28     7.8     7.0
 1813  3 31      .0      .0
 1813  4 30     8.7    12.2
 1813  5 31     4.5     6.0
 1813  6 30     6.0     9.8
 1813  7 31    12.9    12.0
 1813  8 31    10.5    11.7
 1813  9 30    10.9    10.4
 1813 10 31    17.7    11.7
 1813 11 30    14.6     7.8
 1813 12 31    14.9     9.4
 1814  1 31    11.1     9.7
 1814  2 28     8.1     8.1
 1814  3 31     3.6     6.3
 1814  4 30    15.4     3.0
 1814  5 31     7.5     8.4
 1814  6 30     9.4    10.2
 1814  7 31    16.1    10.6
 1814  8 31     6.8     7.0
 1814  9 30     8.5     9.9
 1814 10 28    17.8     6.0
 1814 11 15     5.2     9.4
 1814 12 31    15.7    10.8
 1815  1 31    14.6     8.7
 1815  2 22    20.5     8.6
 1815  3 20    12.7    10.5
 1815  4 30    17.9     6.2
 1815  5 31    12.4    11.3
 1815  6 30    25.0    15.5
 1815  7 31    25.6    22.4
 1815  8 31    14.1     3.0
 1815  9 30    16.0    15.7
 1815 10 24    13.9     9.9
 1815 11 26    14.9     1.9
 1815 12 26    14.6     4.2
 1816  1  8    22.3     6.3
 1816  2 29    25.3     6.4
 1816  3 24    32.9     9.3
 1816  4 30    46.3    16.0
 1816  5 31    41.1    22.2
 1816  6 30    41.9    26.4
 1816  7 31    31.2    11.4
 1816  8 31    17.3    14.0
 1816  9 30    27.2     5.7
 1816 10 31    32.1    12.1
 1816 11 30    29.1    13.0
 1816 12 31    23.1    10.9
 1817  1 31    20.6     6.0
 1817  2 28    23.6    16.5
 1817  3 31    57.0    54.2
 1817  4 30    18.9     9.7
 1817  5 31    14.8     9.9
 1817  6 30    27.8    14.9
 1817  7 31    34.4    16.2
 1817  8 31    31.8     7.0
 1817  9 30    33.7    11.9
 1817 10 31    23.1    17.7
 1817 11 30    26.9    12.1
 1817 12 21    24.0    11.2
 1818  1 31    23.1    11.2
 1818  2 28    11.5    11.3
 1818  3 31    16.7    10.4
 1818  4 30    21.8     9.6
 1818  5 31    30.8    10.8
 1818  6 30    26.0    10.0
 1818  7 31    18.7     7.1
 1818  8 31    28.6    12.8
 1818  9 30    20.6     9.1
 1818 10 31    24.0    13.5
 1818 11 25    10.9     6.4
 1818 12 29    27.7    27.7
 1819  1 31    32.5    12.6
 1819  2 28    14.8    10.5
 1819  3 31     6.5     6.9
 1819  4 30    18.7    14.5
 1819  5 31    15.6    13.4
 1819  6 30    32.1    12.2
 1819  7 31    16.4     9.0
 1819  8 31    25.6    16.6
 1819  9 30    12.6    12.2
 1819 10 31    19.1     9.2
 1819 11 30    13.5    12.3
 1819 12 31    23.2     4.3
 1820  1 31    14.2    13.1
 1820  2 29    16.8     8.7
 1820  3 24     6.0    12.2
 1820  4 28    13.5    13.2
 1820  5 27    14.7    10.5
 1820  6 30     7.9     8.0
 1820  7 31     7.3     9.7
 1820  8 31    11.5     7.1
 1820  9 30     6.7     8.2
 1820 10 31     7.0     9.6
 1820 11 21     9.5     9.7
 1820 12 25    12.8    13.8
 1821  1 24    12.6     4.0
 1821  2 28     2.6     5.2
 1821  3 31      .3     1.3
 1821  4 24     5.5     8.0
 1821  5 31     1.3     3.9
 1821  6 30      .1      .5
 1821  7 31     1.7     4.4
 1821  8 31     5.8     7.1
 1821  9 30     3.0     5.6
 1821 10 31    14.6     8.3
 1821 11 30     3.9     7.0
 1821 12 31      .0      .0
 1822  1 31      .0      .0
 1822  2 28      .0      .0
 1822  3 31    13.6     8.3
 1822  4 30     9.9     7.2
 1822  5 31     1.4     4.2
 1822  6 30     4.4     6.9
 1822  7 31     5.7     8.9
 1822  8 31      .3     1.3
 1822  9 30      .0      .0
 1822 10 31      .0      .0
 1822 11 30      .0      .0
 1822 12 31      .5     2.9
 1823  1 31      .0      .0
 1823  2 28      .0      .0
 1823  3 31      .4     2.2
 1823  4 30      .0      .0
 1823  5 31      .0      .0
 1823  6 30      .0      .0
 1823  7 31      .0      .0
 1823  8 31      .0      .0
 1823  9 30      .0      .0
 1823 10 31      .0      .0
 1823 11 30      .0      .0
 1823 12 31    14.2     1.6
 1824  1 10    15.7     2.9
 1824  2 29      .5     2.6
 1824  3 31      .0      .0
 1824  4 15    13.5     6.8
 1824  5 31     1.8     5.9
 1824  6 30      .0      .0
 1824  7 31      .0      .0
 1824  8 31      .1      .7
 1824  9 30    11.8    14.9
 1824 10 31    17.1     9.0
 1824 11 30      .0      .0
 1824 12 31      .2     1.1
 1825  1 31     6.4    11.7
 1825  2 28    10.9    12.9
 1825  3 31    15.0    19.4
 1825  4 30     1.0     3.6
 1825  5 31    10.5     6.5
 1825  6 30    19.8    17.1
 1825  7 31    21.5    10.0
 1825  8 31    24.5    10.3
 1825  9 30    16.3     9.9
 1825 10 31    15.6    12.5
 1825 11 30    14.5    10.2
 1825 12 31    17.3    13.0
 1826  1 31    13.3    11.1
 1826  2 28    13.4     5.6
 1826  3 31    29.8     8.5
 1826  4 30    14.6    10.2
 1826  5 31    26.4    10.7
 1826  6 30    32.8    17.8
 1826  7 31    46.4    19.2
 1826  8 31    32.1    28.3
 1826  9 30    14.2    16.4
 1826 10 31    40.9    13.6
 1826 11 30    28.1    17.8
 1826 12 31    50.7    17.9
 1827  1 31    28.9    15.5
 1827  2 28    40.0    19.0
 1827  3 31    53.1    13.1
 1827  4 30    46.7     9.6
 1827  5 31    51.2    15.4
 1827  6 30    47.5    25.7
 1827  7 31    35.9    18.2
 1827  8 31    45.5    13.1
 1827  9 30    46.3    15.4
 1827 10 31    48.7    21.8
 1827 11 30    51.3    21.6
 1827 12 31    37.7    13.0
 1828  1 31    54.4    18.4
 1828  2 29    46.4    13.5
 1828  3 31    59.8    23.2
 1828  4 30    53.2    28.9
 1828  5 31    83.3    19.3
 1828  6 30    78.3    27.4
 1828  7 31    52.6    22.5
 1828  8 31    66.5    17.6
 1828  9 30    49.5    20.5
 1828 10 31    49.6    23.8
 1828 11 30    48.4    16.8
 1828 12 31    42.5    20.0
 1829  1 31    44.4    16.0
 1829  2 28    51.1    22.7
 1829  3 31    58.8    15.1
 1829  4 30    77.2    19.3
 1829  5 31    49.8    23.4
 1829  6 30    59.2    28.3
 1829  7 31    81.7    16.1
 1829  8 31    71.8    18.2
 1829  9 30    46.5    23.3
 1829 10 31    54.4    10.9
 1829 11 30    61.6    24.4
 1829 12 31    54.4    14.1
 1830  1 31    34.1    17.2
 1830  2 28    68.2    19.9
 1830  3 31    80.6    26.1
 1830  4 30   101.5    29.1
 1830  5 31    59.5    20.3
 1830  6 30    56.7    16.5
 1830  7 31    38.0    17.6
 1830  8 31    42.8    20.7
 1830  9 30    59.1    19.9
 1830 10 31    83.1    15.4
 1830 11 28    78.8    18.3
 1830 12 27    69.1    14.6
 1831  1 31    25.9    27.7
 1831  2 28    34.6    25.6
 1831  3 31    88.5    22.3
 1831  4 30    50.0    24.5
 1831  5 31    36.9    17.5
 1831  6 30    29.8    16.8
 1831  7 31    40.2    24.6
 1831  8 31    37.8    22.2
 1831  9 30    34.1    17.2
 1831 10 31    42.5    18.7
 1831 11 30    29.5     8.8
 1831 12 31    20.7    13.5
 1832  1 31    34.4    24.2
 1832  2 29    50.8    20.0
 1832  3 31    42.7    12.9
 1832  4 30    22.1    17.2
 1832  5 31    30.0     9.6
 1832  6 30    29.0     9.6
 1832  7 31     8.1    11.1
 1832  8 31     3.9     6.6
 1832  9 30     5.4     7.4
 1832 10 31    13.7     8.4
 1832 11 30    10.6     6.6
 1832 12 31    21.6    10.0
 1833  1 31    12.8    17.7
 1833  2 28    12.3    12.5
 1833  3 31     7.1    10.0
 1833  4 30     1.1     3.6
 1833  5 31    10.7     9.2
 1833  6 30      .3     1.0
 1833  7 31     6.3     7.9
 1833  8 31      .8     2.8
 1833  9 30     9.3     9.6
 1833 10 31     6.8     9.2
 1833 11 30     4.4     6.9
 1833 12 31     6.5     8.8
 1834  1 31     1.3     3.8
 1834  2 28    13.8    11.5
 1834  3 31     1.8     6.1
 1834  4 30     2.8     5.7
 1834  5 31     6.9     8.1
 1834  6 30     6.5     7.1
 1834  7 31     2.1     3.1
 1834  8 31      .9     3.1
 1834  9 30    10.0     6.9
 1834 10 31    20.5    13.6
 1834 11 30    24.0    19.8
 1834 12 24    26.8    23.9
 1835  1 31     5.0     9.4
 1835  2 28    17.1     8.7
 1835  3 31    14.0    12.6
 1835  4 30    44.2    17.3
 1835  5 31    43.2    29.3
 1835  6 30    36.7    11.2
 1835  7 31    50.7    12.7
 1835  8 31    42.2    12.5
 1835  9 30    83.8    27.7
 1835 10 31    71.5    26.3
 1835 11 30    74.8    27.8
 1835 12 31    71.7    17.3
 1836  1 31    69.4    24.2
 1836  2 29    81.9    27.0
 1836  3 31    77.5    28.8
 1836  4 30   112.4    24.3
 1836  5 31    95.6    19.7
 1836  6 30   105.5    23.1
 1836  7 31   116.5    29.7
 1836  8 31    95.7    33.1
 1836  9 30    69.0    26.9
 1836 10 31   113.2    49.8
 1836 11 30   120.9    56.1
 1836 12 25   144.3    36.6
 1837  1 31   160.7    27.7
 1837  2 28   138.4    21.5
 1837  3 31   104.8    16.6
 1837  4 30   114.6    30.5
 1837  5 31    89.4    22.3
 1837  6 24   120.1    32.4
 1837  7 31   120.4    42.5
 1837  8 31   103.2    23.5
 1837  9 30    73.5    17.9
 1837 10 31    91.4    27.7
 1837 11 17    77.9    29.3
 1837 12 15   118.9    36.5
 1838  1 22    86.4    46.8
 1838  2 28    65.1    34.7
 1838  3 24    98.4    30.0
 1838  4 24    99.7    28.4
 1838  5 31   109.6    17.9
 1838  6 30    82.3    26.7
 1838  7 31    92.2    23.2
 1838  8 31    61.0    14.4
 1838  9 30    54.5    21.1
 1838 10 31    62.5    19.8
 1838 11 23    62.8    17.8
 1838 12 31    55.0    25.0
 1839  1 31    78.2    22.1
 1839  2 28    80.0    18.1
 1839  3 31    61.5    22.5
 1839  4 30    46.1     9.7
 1839  5 31    41.4    11.1
 1839  6 30    43.7    13.9
 1839  7 31    73.4    32.7
 1839  8 31    94.0    20.3
 1839  9 30    87.4    36.3
 1839 10 30    61.7    22.3
 1839 11 22    63.1    23.9
 1839 12 21    50.3    26.7
 1840  1 31    59.7    20.1
 1840  2 23    68.6    30.5
 1840  3 31    53.2    22.6
 1840  4 30    50.6    27.9
 1840  5 31    52.6    18.7
 1840  6 30    42.3    11.4
 1840  7 31    42.1    18.7
 1840  8 31    39.9    16.7
 1840  9 30    47.8    20.6
 1840 10 31    41.0    20.3
 1840 11 30    40.3    16.7
 1840 12 31    41.6    12.5
 1841  1 31    21.8    14.2
 1841  2 28    22.4    14.4
 1841  3 31    23.4    17.2
 1841  4 30    25.2     8.9
 1841  5 31    39.5    11.9
 1841  6 30    43.0    12.9
 1841  7 31    22.0    11.1
 1841  8 31    32.0    15.5
 1841  9 30    28.0    12.1
 1841 10 31    22.0    11.4
 1841 11 30    14.3     7.7
 1841 12 31    25.5    18.8
 1842  1 31    14.3    18.2
 1842  2 28    10.8     9.4
 1842  3 31    14.7    12.1
 1842  4 30    17.5    10.4
 1842  5 31    21.2    17.9
 1842  6 30    16.2     7.3
 1842  7 31     9.4    10.6
 1842  8 31    22.1     9.9
 1842  9 30    17.0    10.0
 1842 10 31    35.5     9.6
 1842 11 30    29.9    18.4
 1842 12 31    16.9     8.7
 1843  1 31     9.5     8.5
 1843  2 28     4.5     6.7
 1843  3 31     7.5    10.4
 1843  4 30     7.0     7.1
 1843  5 31    10.2     7.4
 1843  6 30     8.8     8.3
 1843  7 31     7.7     8.0
 1843  8 31     8.4     8.6
 1843  9 30     4.2     6.5
 1843 10 31     4.3     6.9
 1843 11 30    16.0     7.1
 1843 12 21    10.7    13.1
 1844  1 31    11.1     5.6
 1844  2 29    12.1     9.5
 1844  3 31    13.2     7.4
 1844  4 30    14.5    11.6
 1844  5 31    10.8     6.0
 1844  6 30     3.0     6.3
 1844  7 31    16.4    15.2
 1844  8 31    16.7    14.6
 1844  9 30     5.0     9.0
 1844 10 31    16.9    14.4
 1844 11 30     6.1     8.9
 1844 12 31    15.7     9.7
 1845  1 31    20.6     9.2
 1845  2 28    30.0    14.0
 1845  3 31    28.9    13.7
 1845  4 30    36.6    17.5
 1845  5 31    35.4    17.6
 1845  6 30    28.3    21.6
 1845  7 31    27.3    16.5
 1845  8 31    23.3    14.2
 1845  9 30    24.4    21.2
 1845 10 31    32.3    16.6
 1845 11 30    31.2    15.2
 1845 12 31    39.9    21.7
 1846  1 31    40.5    15.1
 1846  2 28    42.3    18.7
 1846  3 31    40.3    17.5
 1846  4 30    42.1    19.7
 1846  5 31    41.9    18.1
 1846  6 30    41.1    19.9
 1846  7 31    29.4    14.9
 1846  8 31    45.1    25.3
 1846  9 30    82.2    22.4
 1846 10 31    30.4    12.7
 1846 11 24    39.8    16.5
 1846 12 19    50.8    12.2
 1847  1 27    33.5    19.8
 1847  2 19    36.2    18.4
 1847  3 31    62.5    37.9
 1847  4 30    30.0    12.0
 1847  5 31    38.8    15.0
 1847  6 30    46.2    15.5
 1847  7 31    30.8    26.4
 1847  8 31    62.2    22.3
 1847  9 30    95.3    18.9
 1847 10 31    88.7    20.5
 1847 11 30    87.3    23.5
 1847 12 31    83.9    34.8
 1848  1 31   113.7    24.5
 1848  2 29    82.8    14.0
 1848  3 31    71.9    10.3
 1848  4 30    58.5    13.4
 1848  5 31    67.8    12.6
 1848  6 30    81.8    15.9
 1848  7 31    91.3    20.9
 1848  8 31    92.2    29.0
 1848  9 30    68.9    25.8
 1848 10 31   105.2    18.2
 1848 11 30    78.7    26.0
 1848 12 31   117.1    25.9
 1849  1 31   130.9    20.2
 1849  2 28   126.5    22.5
 1849  3 31    78.5    23.4
 1849  4 30    81.3    35.9
 1849  5 31    63.2    23.8
 1849  6 30    64.5    24.1
 1849  7 31    77.9    25.1
 1849  8 31    63.6    16.4
 1849  9 30    83.9    20.0
 1849 10 31    70.8    21.9
 1849 11 30    87.2    36.8
 1849 12 31    76.2    35.4
 1850  1 31    70.5    24.1
 1850  2 28    77.8    24.5
 1850  3 31    67.3    16.4
 1850  4 30    36.9    24.5
 1850  5 31    55.1    26.8
 1850  6 30    68.1    31.9
 1850  7 31    38.1    29.8
 1850  8 31    46.2    11.1
 1850  9 30    64.0    11.9
 1850 10 31    53.0    12.1
 1850 11 30    41.8    21.2
 1850 12 31    41.5    13.5
 1851  1 31    63.3    28.0
 1851  2 28    93.4    24.4
 1851  3 31    57.1    15.7
 1851  4 30    52.3    23.0
 1851  5 31    58.5    24.0
 1851  6 30    58.5    26.6
 1851  7 31    35.2    16.6
 1851  8 31    56.3    13.5
 1851  9 30    63.4    19.0
 1851 10 31    44.7    17.8
 1851 11 30    45.6    16.6
 1851 12 31    69.0    27.1
 1852  1 31    63.9    24.1
 1852  2 29    58.3    31.3
 1852  3 31    58.6    19.3
 1852  4 30    61.0    23.3
 1852  5 31    53.1    22.0
 1852  6 30    42.0    19.6
 1852  7 31    36.5     8.4
 1852  8 31    37.5    13.3
 1852  9 30    38.1    14.2
 1852 10 31    60.8    30.6
 1852 11 30    46.6    24.1
 1852 12 31    40.8    23.6
 1853  1 31    40.0    20.6
 1853  2 28    39.4    18.5
 1853  3 31    37.0    23.8
 1853  4 30    39.6    14.5
 1853  5 31    27.4    11.6
 1853  6 30    37.1    22.1
 1853  7 31    39.9    19.0
 1853  8 31    47.8    17.8
 1853  9 30    34.1    16.9
 1853 10 31    39.4    12.6
 1853 11 30    26.4     7.7
 1853 12 31    19.1     7.8
 1854  1 31    11.8     7.5
 1854  2 28    16.6    13.0
 1854  3 31    16.7    11.2
 1854  4 30    25.7    20.2
 1854  5 31    19.5    14.1
 1854  6 30    19.1    10.6
 1854  7 31    16.3    13.0
 1854  8 31    15.2     8.0
 1854  9 30    19.1    12.6
 1854 10 31    12.6    16.9
 1854 11 30    20.6     8.2
 1854 12 31    13.8     9.8
 1855  1 31     7.4     9.9
 1855  2 28     7.9     9.6
 1855  3 31    12.9    10.1
 1855  4 30     2.0     4.0
 1855  5 31     8.4    12.1
 1855  6 30     3.3     5.6
 1855  7 31      .0      .0
 1855  8 31     2.1     4.9
 1855  9 30      .2     1.1
 1855 10 31     6.5     6.3
 1855 11 30     1.6     4.4
 1855 12 31     1.4     4.2
 1856  1 31      .0      .0
 1856  2 29      .4     1.5
 1856  3 31      .0      .0
 1856  4 30     4.6     6.1
 1856  5 31      .0      .0
 1856  6 30     4.8     9.4
 1856  7 31     4.4     6.5
 1856  8 31     5.3     6.8
 1856  9 30     3.5     5.8
 1856 10 31     4.4     7.5
 1856 11 30     5.4     7.3
 1856 12 31     4.1     6.1
 1857  1 31     7.9     6.0
 1857  2 28     5.2     6.8
 1857  3 31     1.9     3.9
 1857  4 30     6.1     7.3
 1857  5 31    20.8    11.0
 1857  6 30    10.5     9.9
 1857  7 31    15.8    10.7
 1857  8 31    16.6    13.6
 1857  9 30    32.6    15.3
 1857 10 31    32.9    11.8
 1857 11 30    28.0    13.4
 1857 12 31    30.1    17.7
 1858  1 31    33.4    21.4
 1858  2 28    28.7    12.9
 1858  3 31    50.9    22.4
 1858  4 30    29.3    12.6
 1858  5 31    37.0    18.7
 1858  6 30    36.6    15.5
 1858  7 31    48.3    18.5
 1858  8 31    45.6    22.3
 1858  9 30    70.3    20.5
 1858 10 31    62.7    18.3
 1858 11 30    39.7    12.1
 1858 12 31    50.1    12.7
 1859  1 31    66.2    17.0
 1859  2 28    72.6    20.4
 1859  3 31    63.7    18.9
 1859  4 30    66.6    16.2
 1859  5 31    67.9    19.7
 1859  6 30    75.7    22.4
 1859  7 31    85.2    21.5
 1859  8 31    76.9    20.6
 1859  9 30    80.1    18.1
 1859 10 31    94.7    20.8
 1859 11 30    83.1    11.9
 1859 12 31    74.7    10.9
 1860  1 31    72.1    12.6
 1860  2 29    67.7    21.7
 1860  3 31    88.0    18.2
 1860  4 30    69.7    10.7
 1860  5 31    96.1    15.1
 1860  6 30    95.2    28.8
 1860  7 31   103.4    33.5
 1860  8 31    85.8    15.8
 1860  9 30    92.8    16.8
 1860 10 31    82.1    16.7
 1860 11 30    90.3    19.3
 1860 12 31    84.0    23.0
 1861  1 31    58.9    10.5
 1861  2 28    72.4    28.9
 1861  3 31    90.1    20.4
 1861  4 30    86.8    42.4
 1861  5 31    55.9    31.4
 1861  6 30    80.1    26.7
 1861  7 31    72.5     9.5
 1861  8 31    75.5    26.1
 1861  9 30    71.5    17.4
 1861 10 31    61.6    19.5
 1861 11 30    47.5    12.1
 1861 12 31    75.3    10.9
 1862  1 31    48.2     9.8
 1862  2 28    51.7    12.6
 1862  3 31    43.8    17.2
 1862  4 30    47.9     8.7
 1862  5 31    58.0     8.4
 1862  6 30    68.1     9.6
 1862  7 31    55.4    13.3
 1862  8 31    56.5    19.2
 1862  9 30    53.3    18.7
 1862 10 31    44.8    22.1
 1862 11 30    43.5    16.4
 1862 12 31    34.9    18.3
 1863  1 31    37.8    12.7
 1863  2 28    47.0    14.6
 1863  3 31    58.8    11.8
 1863  4 30    42.0    13.9
 1863  5 31    55.1    16.5
 1863  6 30    43.3    15.8
 1863  7 31    34.6    11.2
 1863  8 31    45.6    20.4
 1863  9 30    20.7    11.6
 1863 10 31    30.0     8.9
 1863 11 30    35.5    19.4
 1863 12 31    39.9    11.9
 1864  1 31    42.1    20.1
 1864  2 29    36.6    10.7
 1864  3 31    57.5    10.3
 1864  4 30    28.0    13.3
 1864  5 31    30.4    10.4
 1864  6 30    40.9    25.5
 1864  7 31    34.7     9.6
 1864  8 31    33.7    22.4
 1864  9 30    24.3     7.7
 1864 10 31    26.2    11.6
 1864 11 30    40.3     7.9
 1864 12 31    18.9     9.4
 1865  1 31    34.7    17.3
 1865  2 28    34.6    14.1
 1865  3 31    27.9    13.4
 1865  4 30    24.4    12.1
 1865  5 31    25.7    10.1
 1865  6 30    21.4     9.0
 1865  7 31    21.5     8.3
 1865  8 31    22.6     8.3
 1865  9 30    14.0     8.6
 1865 10 31    11.7    10.3
 1865 11 30    20.2    13.7
 1865 12 31    12.2    10.8
 1866  1 31    22.4     6.6
 1866  2 28    23.5    10.6
 1866  3 31    23.0     7.8
 1866  4 30    15.8     7.6
 1866  5 31    11.3     7.3
 1866  6 30    13.5     6.5
 1866  7 31    10.2     7.0
 1866  8 31    11.4     5.4
 1866  9 30     7.4     7.6
 1866 10 31    15.3    10.7
 1866 11 30    10.4    12.5
 1866 12 31      .3      .9
 1867  1 31      .4     2.0
 1867  2 28      .0      .0
 1867  3 31     7.0     5.9
 1867  4 30     3.9     5.5
 1867  5 31     3.7     6.2
 1867  6 30     2.1     4.6
 1867  7 31     4.8     6.0
 1867  8 31     5.4     7.2
 1867  9 30     6.2     6.1
 1867 10 31    10.8    11.7
 1867 11 30     9.7     6.8
 1867 12 31    20.1    14.5
 1868  1 31     9.3     8.8
 1868  2 29    11.3     6.3
 1868  3 31    17.4     6.0
 1868  4 30    23.0     8.1
 1868  5 31    20.5     9.6
 1868  6 30    24.9    11.9
 1868  7 31    19.6    15.6
 1868  8 31    28.0    12.9
 1868  9 30    38.8    13.8
 1868 10 31    50.0    21.2
 1868 11 30    49.8    20.2
 1868 12 31    54.0    19.5
 1869  1 31    54.5    19.3
 1869  2 28    55.3    13.6
 1869  3 31    52.7    20.0
 1869  4 30    35.0    13.0
 1869  5 31    74.1    24.8
 1869  6 30    91.0    20.5
 1869  7 31    56.0    19.9
 1869  8 31    67.1    24.2
 1869  9 30    63.5    15.0
 1869 10 31    55.0    18.6
 1869 11 30    61.0    12.4
 1869 12 31    82.2    16.0
 1870  1 31    63.6    15.1
 1870  2 28    85.1    10.9
 1870  3 31    96.4    12.4
 1870  4 30   100.3    17.3
 1870  5 31   122.2    18.3
 1870  6 30    99.8    18.7
 1870  7 31   106.8    20.0
 1870  8 31    94.5    25.7
 1870  9 30    84.7    28.6
 1870 10 31    99.8    19.4
 1870 11 30   104.8    31.0
 1870 12 31    96.0    34.5
 1871  1 31    70.8    13.0
 1871  2 28    96.6    20.0
 1871  3 31   111.1    18.9
 1871  4 30   116.7    13.6
 1871  5 31   112.5    13.6
 1871  6 30    88.2    20.0
 1871  7 31    82.4    18.4
 1871  8 31    72.8    19.4
 1871  9 30    68.2    18.6
 1871 10 31    67.2     9.1
 1871 11 30    85.9    23.8
 1871 12 31    70.1    19.9
 1872  1 31    60.3    10.2
 1872  2 29    81.4    18.7
 1872  3 31    78.2    38.1
 1872  4 30    80.3    19.2
 1872  5 31    91.5    21.1
 1872  6 30    91.1    16.6
 1872  7 31    88.7    25.7
 1872  8 31    79.9    16.7
 1872  9 30    86.9    21.3
 1872 10 31    87.9    21.9
 1872 11 30    69.1    10.4
 1872 12 31    66.4    13.8
 1873  1 31    66.3    15.1
 1873  2 28    74.4    18.1
 1873  3 31    74.7    28.4
 1873  4 30    64.4    14.6
 1873  5 31    39.0    20.6
 1873  6 30    37.1    24.7
 1873  7 31    52.3    23.7
 1873  8 31    50.1    14.0
 1873  9 30    44.7     8.4
 1873 10 31    41.4    10.9
 1873 11 30    41.8    21.1
 1873 12 31    34.3    12.9
 1874  1 31    43.9    13.2
 1874  2 28    56.7    14.6
 1874  3 31    33.5     9.3
 1874  4 30    27.5    13.4
 1874  5 31    31.8    10.9
 1874  6 30    35.3    11.2
 1874  7 31    50.6    15.9
 1874  8 31    45.6    13.7
 1874  9 30    27.4    10.6
 1874 10 31    26.7    13.5
 1874 11 30    19.8     7.3
 1874 12 31    21.3    11.2
 1875  1 31    16.4     8.3
 1875  2 28    17.6    13.5
 1875  3 31    29.3     7.8
 1875  4 30    24.6     6.8
 1875  5 31    10.5    10.6
 1875  6 30    16.6     7.7
 1875  7 31    11.3     6.2
 1875  8 31    11.4    10.5
 1875  9 30     6.7     7.3
 1875 10 31    14.1     9.5
 1875 11 30    16.5    16.9
 1875 12 31    11.0    10.0
 1876  1 31    11.7    13.2
 1876  2 29    11.3     3.6
 1876  3 31    22.5    16.9
 1876  4 30     4.6     6.2
 1876  5 31     4.9     5.7
 1876  6 30     3.6     5.6
 1876  7 31    14.4    11.0
 1876  8 31     5.8     6.0
 1876  9 30     7.1     5.9
 1876 10 31     9.5     4.8
 1876 11 30     9.5     9.1
 1876 12 31     4.4     5.7
 1877  1 31    14.1    10.7
 1877  2 28     7.2     5.8
 1877  3 31     9.4     9.7
 1877  4 30    11.4     9.3
 1877  5 31    15.8     7.9
 1877  6 30     7.8     5.8
 1877  7 31     3.5     5.7
 1877  8 31     5.0     6.0
 1877  9 30    11.9     7.3
 1877 10 31     3.9     8.4
 1877 11 30     9.7     8.6
 1877 12 31     2.1     4.3
 1878  1 31     2.3     4.6
 1878  2 28     4.5     8.6
 1878  3 31     5.8     6.9
 1878  4 30      .0      .0
 1878  5 31     3.4     6.7
 1878  6 30     6.1     8.3
 1878  7 31      .0      .2
 1878  8 31      .0      .2
 1878  9 30     4.8     6.0
 1878 10 31     1.2     3.6
 1878 11 30     3.8     5.5
 1878 12 31      .0      .2
 1879  1 31      .6     2.2
 1879  2 28      .1      .3
 1879  3 31      .0      .0
 1879  4 30     4.8     5.8
 1879  5 31     2.4     4.8
 1879  6 30     2.8     5.0
 1879  7 31     6.4     8.1
 1879  8 31     7.9     9.6
 1879  9 30     6.1     6.0
 1879 10 31     8.0     7.3
 1879 11 30     8.4     8.1
 1879 12 31     4.8     5.8
 1880  1 31    20.5    13.5
 1880  2 29    19.4    15.6
 1880  3 31    15.5     9.0
 1880  4 30    13.8     6.8
 1880  5 31    15.5     9.2
 1880  6 30    25.0     9.1
 1880  7 31    18.8    10.8
 1880  8 31    34.6    17.7
 1880  9 30    50.3    11.6
 1880 10 31    36.4     8.1
 1880 11 30    23.5    13.7
 1880 12 31    24.3     9.9
 1881  1 31    32.9    15.1
 1881  2 28    48.8    10.1
 1881  3 31    42.0    25.1
 1881  4 30    48.4    18.7
 1881  5 31    38.9    12.2
 1881  6 30    49.2    14.8
 1881  7 31    64.8    17.4
 1881  8 31    43.5    28.6
 1881  9 30    41.9    14.2
 1881 10 31    49.5    13.1
 1881 11 30    41.8    17.7
 1881 12 31    41.1    18.3
 1882  1 31    42.2     9.3
 1882  2 28    58.2    14.0
 1882  3 31    57.3    16.3
 1882  4 30    71.0    20.4
 1882  5 31    46.0    20.5
 1882  6 30    36.4    15.5
 1882  7 31    39.0    18.5
 1882  8 31    35.4    15.5
 1882  9 30    42.7    15.5
 1882 10 31    41.3    18.1
 1882 11 30    68.2    15.8
 1882 12 31    36.7    13.1
 1883  1 31    49.5    14.2
 1883  2 28    41.7    20.7
 1883  3 31    39.2    17.2
 1883  4 30    63.4     9.0
 1883  5 31    33.5    18.1
 1883  6 30    53.9    14.6
 1883  7 31    62.9    29.8
 1883  8 31    45.4    16.4
 1883  9 30    49.4    22.4
 1883 10 31    68.0    26.4
 1883 11 30    79.3    21.6
 1883 12 31    70.7    23.8
 1884  1 31    86.0    16.2
 1884  2 29    81.5    12.8
 1884  3 31    82.5    22.0
 1884  4 30    64.6    13.9
 1884  5 31    69.7    17.2
 1884  6 30    59.2     8.1
 1884  7 31    51.1    16.3
 1884  8 31    51.4    11.7
 1884  9 30    60.3    14.4
 1884 10 31    45.5    16.3
 1884 11 30    37.6    18.6
 1884 12 31    51.5     9.2
 1885  1 31    45.4    22.8
 1885  2 28    65.0    16.1
 1885  3 31    39.8    19.4
 1885  4 30    43.2    13.2
 1885  5 31    72.1    20.4
 1885  6 30    63.6    15.3
 1885  7 31    56.1    13.3
 1885  8 31    45.6    10.9
 1885  9 30    39.9    14.0
 1885 10 31    39.5    13.9
 1885 11 30    31.8    14.8
 1885 12 31    26.3    17.2
 1886  1 31    22.7    15.8
 1886  2 28    23.0    11.4
 1886  3 31    47.9    16.6
 1886  4 30    38.8    21.1
 1886  5 31    24.4    15.2
 1886  6 30    27.2    13.3
 1886  7 31    25.7    16.1
 1886  8 31    16.7    12.1
 1886  9 30    21.4    15.0
 1886 10 31    10.3     7.4
 1886 11 30      .1      .3
 1886 12 31    13.1    11.0
 1887  1 31    11.6     9.3
 1887  2 28    14.8    12.8
 1887  3 31     6.8     6.9
 1887  4 30     7.5     7.6
 1887  5 31    18.1    12.0
 1887  6 30    16.8     5.3
 1887  7 31    22.8    13.7
 1887  8 31    17.8    14.5
 1887  9 30     6.3     7.3
 1887 10 31     9.1     8.9
 1887 11 30     6.6     7.3
 1887 12 31    14.1     9.4
 1888  1 31    16.3    10.0
 1888  2 29     5.2     5.7
 1888  3 31     6.8     7.4
 1888  4 30     8.2    10.6
 1888  5 31     5.3     6.3
 1888  6 30     6.5     6.7
 1888  7 31     4.4     7.2
 1888  8 31     8.1     7.1
 1888  9 30    12.0     7.7
 1888 10 31     1.5     3.8
 1888 11 30    10.2     9.0
 1888 12 31     6.4     6.5
 1889  1 31      .2      .7
 1889  2 28     5.5     6.1
 1889  3 31     7.2     8.6
 1889  4 30     4.6     6.3
 1889  5 31     2.3     4.8
 1889  6 30     5.6     6.3
 1889  7 31    11.9    10.0
 1889  8 31    15.8    10.6
 1889  9 30     6.9     6.8
 1889 10 31     2.7     5.1
 1889 11 30      .1      .4
 1889 12 31     6.9     9.2
 1890  1 31     6.3     7.1
 1890  2 28      .4     2.3
 1890  3 31     4.7     6.2
 1890  4 30     3.8     6.7
 1890  5 31     8.1     9.9
 1890  6 30     2.5     5.0
 1890  7 31    12.4    10.5
 1890  8 31     9.2     9.4
 1890  9 30    19.1    10.1
 1890 10 31     9.4     8.2
 1890 11 30     7.6     6.7
 1890 12 31    10.1     7.9
 1891  1 31    16.4    14.8
 1891  2 28    27.8    15.5
 1891  3 31    17.2     9.1
 1891  4 30    27.7    11.1
 1891  5 31    50.3    17.1
 1891  6 30    50.0    19.8
 1891  7 31    48.5    13.2
 1891  8 31    43.2    20.5
 1891  9 30    49.3    16.3
 1891 10 31    54.1    19.1
 1891 11 30    45.2    11.9
 1891 12 31    37.4    16.0
 1892  1 31    69.7    27.5
 1892  2 29    62.6    25.4
 1892  3 31    49.7    20.4
 1892  4 30    68.6    20.0
 1892  5 31    71.9    17.9
 1892  6 30    79.5    11.9
 1892  7 31    65.6    18.2
 1892  8 31    86.4    16.2
 1892  9 30    65.4    13.9
 1892 10 31    62.3    16.6
 1892 11 30    57.1    18.1
 1892 12 31    80.8    41.3
 1893  1 31    68.7    25.9
 1893  2 28    63.2     6.5
 1893  3 31    69.6    21.3
 1893  4 30    91.1    18.3
 1893  5 31    98.5    16.2
 1893  6 30    92.4    19.4
 1893  7 31    93.5    21.3
 1893  8 31   126.7    27.0
 1893  9 30    79.1    11.0
 1893 10 31    99.7    19.2
 1893 11 30    81.8    33.0
 1893 12 31    90.0    51.1
 1894  1 31   110.2    33.3
 1894  2 28   101.7    16.4
 1894  3 31    70.0    22.6
 1894  4 30    80.9    26.1
 1894  5 31   100.8    15.9
 1894  6 30   106.8    17.8
 1894  7 31   114.8    23.7
 1894  8 31    77.4    24.0
 1894  9 30    81.9    28.9
 1894 10 31    70.8    15.4
 1894 11 30    71.6    13.4
 1894 12 31    69.1    24.9
 1895  1 31    70.9    23.5
 1895  2 28    86.0    25.3
 1895  3 31    67.9    14.5
 1895  4 30    83.3    16.0
 1895  5 31    70.2    31.0
 1895  6 30    71.3     7.1
 1895  7 31    59.5    28.3
 1895  8 31    67.0    23.3
 1895  9 30    62.8    17.9
 1895 10 31    58.2    22.3
 1895 11 30    52.8    22.5
 1895 12 31    80.1    22.3
 1896  1 31    39.3    18.2
 1896  2 29    49.9    16.9
 1896  3 31    47.6    14.2
 1896  4 30    43.0    29.3
 1896  5 31    25.9    14.0
 1896  6 30    39.9    10.7
 1896  7 31    45.5    14.9
 1896  8 31    27.2    14.4
 1896  9 30    43.8    17.3
 1896 10 31    31.7    18.3
 1896 11 30    39.7    18.0
 1896 12 31    43.0    10.2
 1897  1 31    43.2    13.3
 1897  2 28    34.9    22.2
 1897  3 31    36.9    19.7
 1897  4 30    43.0    33.3
 1897  5 31    21.7    13.8
 1897  6 30    15.6    10.9
 1897  7 31    36.3    11.5
 1897  8 31    23.3     8.7
 1897  9 30    52.1    14.8
 1897 10 31    19.4    18.3
 1897 11 30     8.6     8.7
 1897 12 31    32.5    17.7
 1898  1 31    37.4    18.1
 1898  2 28    36.6    19.0
 1898  3 31    29.9    23.1
 1898  4 30    15.1    12.9
 1898  5 31    29.8     8.0
 1898  6 30    22.9    13.4
 1898  7 31     9.7    10.0
 1898  8 31    29.3    16.3
 1898  9 30    24.9     8.5
 1898 10 31    33.0    14.8
 1898 11 30    30.4    19.7
 1898 12 31    13.6    11.1
 1899  1 31    21.5    12.1
 1899  2 28     9.3    10.5
 1899  3 31    14.4    11.0
 1899  4 30    19.7     6.6
 1899  5 31     8.7     7.2
 1899  6 30    18.5    10.9
 1899  7 31    17.0    13.3
 1899  8 31     2.1     5.3
 1899  9 30     6.3    10.7
 1899 10 31     8.8    11.1
 1899 11 30     8.0     7.1
 1899 12 31    13.3    12.8
 1900  1 31    10.0     9.3
 1900  2 28    12.6    16.0
 1900  3 31     7.3     7.7
 1900  4 30    18.1    14.1
 1900  5 31    13.6    13.3
 1900  6 30    11.8    11.1
 1900  7 31     8.1     9.4
 1900  8 31     4.3     7.7
 1900  9 30     8.5    11.3
 1900 10 31    10.2     7.5
 1900 11 30     5.1     6.6
 1900 12 31      .0      .0
 1901  1 31      .0      .0
 1901  2 28     1.7     4.1
 1901  3 31     4.8     8.6
 1901  4 30      .1      .4
 1901  5 31     5.9     7.1
 1901  6 30     8.1     9.6
 1901  7 31      .9     3.2
 1901  8 31      .1      .5
 1901  9 30      .2      .9
 1901 10 31     2.5     4.8
 1901 11 30     5.5     6.6
 1901 12 31      .0      .0
 1902  1 31     4.5     6.6
 1902  2 28      .0      .0
 1902  3 31     7.2    10.0
 1902  4 30      .0      .0
 1902  5 31     3.9     6.1
 1902  6 30     1.5     4.3
 1902  7 31      .7     2.7
 1902  8 31     1.0     3.4
 1902  9 30     7.5    10.6
 1902 10 31    13.7     8.0
 1902 11 30     4.8     6.4
 1902 12 31      .5     2.5
 1903  1 31     7.8     8.1
 1903  2 28    22.8    10.1
 1903  3 31    12.9    13.8
 1903  4 30    26.3    15.4
 1903  5 31    15.7    14.3
 1903  6 30    16.6    14.3
 1903  7 31    27.9    12.5
 1903  8 31    28.0    22.5
 1903  9 30    12.2    12.4
 1903 10 31    25.4    10.4
 1903 11 30    35.3    18.3
 1903 12 31    58.9    29.1
 1904  1 31    33.1    13.6
 1904  2 29    23.9     8.8
 1904  3 31    45.7    21.0
 1904  4 30    44.0    13.2
 1904  5 31    51.2    17.6
 1904  6 30    41.7    11.7
 1904  7 31    51.1    17.7
 1904  8 31    51.6    12.1
 1904  9 30    32.7    12.7
 1904 10 31    57.4    13.1
 1904 11 30    47.8    14.7
 1904 12 31    63.5    29.0
 1905  1 31    63.2    25.4
 1905  2 28    79.4    37.8
 1905  3 31    43.8    16.6
 1905  4 30    44.1    13.7
 1905  5 31    47.1    24.6
 1905  6 30    52.4    16.9
 1905  7 31    57.1    25.9
 1905  8 31    67.4    19.8
 1905  9 30    65.8    23.1
 1905 10 31    50.5    21.7
 1905 11 30    97.4    20.2
 1905 12 31    64.0    15.1
 1906  1 31    51.1    21.9
 1906  2 28    34.9    15.4
 1906  3 31    69.1    33.3
 1906  4 30    54.2    24.4
 1906  5 31    52.8    17.2
 1906  6 30    64.1    33.2
 1906  7 31   111.6    23.9
 1906  8 31    51.8    22.3
 1906  9 30    61.3    13.5
 1906 10 31    16.9    13.5
 1906 11 30    40.1    21.9
 1906 12 31    66.5    12.8
 1907  1 31    79.9    13.2
 1907  2 28    92.8    14.9
 1907  3 31    69.2    34.8
 1907  4 30    51.6    18.9
 1907  5 31    41.3    12.8
 1907  6 30    32.9    15.1
 1907  7 31    43.2    19.7
 1907  8 31    60.7    14.0
 1907  9 30    84.2    24.4
 1907 10 31    69.8    22.9
 1907 11 30    59.6    21.1
 1907 12 31    51.3    20.5
 1908  1 31    52.4    22.1
 1908  2 29    45.9    16.1
 1908  3 31    39.3    22.0
 1908  4 30    68.3    28.6
 1908  5 31    55.8    34.0
 1908  6 30    54.0    17.9
 1908  7 31    48.2    26.6
 1908  8 31    65.1    16.9
 1908  9 30    75.3    10.4
 1908 10 31    39.5    28.9
 1908 11 30    45.1    15.9
 1908 12 31    48.0    13.0
 1909  1 31    60.2    20.2
 1909  2 28    49.7    19.7
 1909  3 31    59.8    28.4
 1909  4 30    37.4    17.7
 1909  5 31    34.1     9.2
 1909  6 30    28.1    11.1
 1909  7 31    35.8    22.8
 1909  8 31    34.4    15.9
 1909  9 30    34.3    12.0
 1909 10 31    62.0    16.2
 1909 11 30    60.0    20.2
 1909 12 31    61.1    37.0
 1910  1 31    38.1    20.2
 1910  2 28    27.7    19.2
 1910  3 31    24.9     7.4
 1910  4 30    12.2    10.4
 1910  5 31    30.1    16.6
 1910  6 30    15.1     9.6
 1910  7 31    18.3    13.4
 1910  8 31    13.5    12.2
 1910  9 30    29.7    19.5
 1910 10 31    34.6    19.4
 1910 11 30     6.4     9.1
 1910 12 31     6.9     9.0
 1911  1 31     5.4     6.9
 1911  2 28     9.7    11.0
 1911  3 31    10.5    11.0
 1911  4 30    26.8    17.6
 1911  5 31    15.0    14.9
 1911  6 30     5.2     8.2
 1911  7 31     5.6     7.1
 1911  8 31     6.4     7.8
 1911  9 30     5.0     7.3
 1911 10 31     3.3     5.9
 1911 11 30     6.7     7.1
 1911 12 31     2.7     5.3
 1912  1 31      .0      .0
 1912  2 29      .0      .0
 1912  3 31     5.4     6.9
 1912  4 30     3.1     5.7
 1912  5 31     4.1     6.1
 1912  6 30     7.0     7.8
 1912  7 31     3.4     5.8
 1912  8 31      .0      .0
 1912  9 30     9.8     8.3
 1912 10 31     3.3     5.9
 1912 11 30      .0      .0
 1912 12 31     7.1     8.8
 1913  1 31     1.8     4.1
 1913  2 28     4.3     6.6
 1913  3 31      .5     2.3
 1913  4 30     1.4     4.3
 1913  5 31      .0      .0
 1913  6 30      .0      .0
 1913  7 31     2.7     5.6
 1913  8 31      .0      .0
 1913  9 30      .8     2.8
 1913 10 31     4.5     6.6
 1913 11 30      .1      .4
 1913 12 31     3.4     6.0
 1914  1 31     3.5     8.0
 1914  2 28     3.1     6.1
 1914  3 31     4.6     6.9
 1914  4 30    17.7     7.3
 1914  5 31     6.9    11.6
 1914  6 30    10.3    12.7
 1914  7 31     8.2     8.6
 1914  8 31     8.6     9.6
 1914  9 30    20.2    18.6
 1914 10 31     9.7     8.7
 1914 11 30    22.3     7.8
 1914 12 31    33.6    17.6
 1915  1 31    29.7    18.1
 1915  2 28    48.8    23.7
 1915  3 31    52.6    27.8
 1915  4 30    45.6    19.8
 1915  5 31    40.8    37.1
 1915  6 30    57.8    36.8
 1915  7 31    67.5    24.6
 1915  8 31    63.7    12.4
 1915  9 30    52.6    19.2
 1915 10 31    48.6    15.0
 1915 11 30    52.5    12.9
 1915 12 31    46.3    17.8
 1916  1 31    60.5    18.4
 1916  2 29    68.7    29.1
 1916  3 31    65.7    14.0
 1916  4 30    74.1    24.1
 1916  5 31    83.4    15.5
 1916  6 30    73.4    39.0
 1916  7 31    64.3    27.0
 1916  8 31    52.5    24.9
 1916  9 30    57.6    29.4
 1916 10 31    61.3    38.5
 1916 11 30    76.5    33.0
 1916 12 31    66.7    21.6
 1917  1 31    89.4    22.8
 1917  2 28    75.9    25.3
 1917  3 31   100.0    12.6
 1917  4 30    80.1    38.7
 1917  5 31   106.6    23.4
 1917  6 30   133.6    19.9
 1917  7 31   121.3    23.2
 1917  8 31   157.1    38.1
 1917  9 30   134.3    21.3
 1917 10 31    80.5    20.2
 1917 11 30   101.2    27.1
 1917 12 31   141.4    41.4
 1918  1 31   104.3    22.9
 1918  2 28    74.9    19.4
 1918  3 31    81.9    17.5
 1918  4 30    89.8    16.8
 1918  5 31    91.3    34.2
 1918  6 30    71.4    46.2
 1918  7 31   115.0    25.3
 1918  8 31   102.2    22.9
 1918  9 30    84.7    22.8
 1918 10 31    92.2    16.6
 1918 11 30    95.7    52.0
 1918 12 31    67.3    26.3
 1919  1 31    55.2    25.7
 1919  2 28    74.1    24.2
 1919  3 31    72.2    15.3
 1919  4 30    58.6    27.7
 1919  5 31    80.3    13.0
 1919  6 30   123.0    20.2
 1919  7 31    88.6    21.7
 1919  8 31    82.5    24.8
 1919  9 30    67.0    12.7
 1919 10 31    60.7    20.4
 1919 11 30    45.9    19.6
 1919 12 31    51.5    20.6
 1920  1 31    40.8    18.4
 1920  2 29    68.7    36.7
 1920  3 31    56.5    18.9
 1920  4 30    23.6    11.1
 1920  5 31    54.9    23.2
 1920  6 30    51.3    11.7
 1920  7 31    40.3    10.9
 1920  8 31    26.5    16.3
 1920  9 30    32.9    22.9
 1920 10 31    56.7    11.9
 1920 11 30    32.0    15.3
 1920 12 31    37.9    18.7
 1921  1 31    34.0    11.6
 1921  2 28    31.7    10.1
 1921  3 31    34.0    17.7
 1921  4 30    39.9    14.5
 1921  5 31    19.0    11.7
 1921  6 30    40.0    21.5
 1921  7 31    42.9    25.6
 1921  8 31    23.1    14.6
 1921  9 30    20.5    12.4
 1921 10 31    20.9    14.3
 1921 11 30    18.4    17.3
 1921 12 31    19.4    15.2
 1922  1 31    16.3    15.5
 1922  2 28    26.5    19.4
 1922  3 31    45.6    22.1
 1922  4 30    17.3    17.7
 1922  5 31     8.8     8.0
 1922  6 30     8.6     9.9
 1922  7 31    12.8    13.5
 1922  8 31     7.8     9.2
 1922  9 30     7.2     6.8
 1922 10 31     9.0     8.5
 1922 11 30     9.7     6.1
 1922 12 31    19.9    17.1
 1923  1 31     4.6    10.2
 1923  2 28     2.1     4.7
 1923  3 31     3.4     5.7
 1923  4 30     7.4     6.6
 1923  5 31     4.4     6.1
 1923  6 30     9.5    10.3
 1923  7 31     4.8     7.0
 1923  8 31      .3     1.2
 1923  9 30    15.7     8.7
 1923 10 31    16.4     8.2
 1923 11 30     9.9     7.5
 1923 12 31     4.0     6.9
 1924  1 31      .1      .4
 1924  2 29     3.7     7.1
 1924  3 31     2.7     5.5
 1924  4 30     8.1    10.8
 1924  5 31    26.5    17.4
 1924  6 30    21.2     6.5
 1924  7 31    34.1    16.0
 1924  8 31    27.5    14.1
 1924  9 30    26.3    12.7
 1924 10 31    29.2    13.3
 1924 11 30    17.1    14.9
 1924 12 31    21.5    18.9
 1925  1 31     6.6     8.8
 1925  2 28    30.3    19.0
 1925  3 31    17.3    11.4
 1925  4 30    44.8    20.7
 1925  5 31    48.2    23.3
 1925  6 30    58.9    45.2
 1925  7 31    48.4    13.4
 1925  8 31    43.8    24.5
 1925  9 30    78.8    29.5
 1925 10 31    78.1    30.8
 1925 11 30    52.2    24.1
 1925 12 31   107.1    33.0
 1926  1 31    80.6    28.0
 1926  2 28    74.9    30.7
 1926  3 31    69.7    22.4
 1926  4 30    52.7    22.3
 1926  5 31    68.2    23.1
 1926  6 30    82.7    25.4
 1926  7 31    59.8    31.5
 1926  8 31    66.2    23.2
 1926  9 30    65.9    23.9
 1926 10 31    72.8    25.9
 1926 11 30    73.0    31.7
 1926 12 31    82.6    17.9
 1927  1 31    79.9    15.8
 1927  2 28   111.7    34.0
 1927  3 31    88.2    26.7
 1927  4 30   108.5    23.7
 1927  5 31    94.3    29.7
 1927  6 30    68.6    29.3
 1927  7 31    62.1    19.6
 1927  8 31    51.8    17.8
 1927  9 30    78.2    29.0
 1927 10 31    74.1    17.2
 1927 11 30    67.2    22.5
 1927 12 31    46.4    20.6
 1928  1 31    84.1    26.8
 1928  2 29    83.4    33.0
 1928  3 31    86.5    10.8
 1928  4 30    92.7    35.3
 1928  5 31    69.3    35.8
 1928  6 30    93.6    40.9
 1928  7 31    94.1    27.9
 1928  8 31   102.7    24.3
 1928  9 30    79.0    22.2
 1928 10 31    70.8    18.4
 1928 11 30    65.8    24.2
 1928 12 31    66.0    31.1
 1929  1 31    67.2    20.5
 1929  2 28    76.3    21.1
 1929  3 31    52.4    27.7
 1929  4 30    61.2    13.1
 1929  5 31    71.0    20.2
 1929  6 30    89.6    22.2
 1929  7 31    87.5    21.1
 1929  8 31    84.0    31.3
 1929  9 30    52.4    21.7
 1929 10 31    49.7    12.3
 1929 11 30    79.5    22.4
 1929 12 31   121.8    41.0
 1930  1 31    80.8    32.1
 1930  2 28    64.1    47.4
 1930  3 31    40.5    12.6
 1930  4 30    47.5    12.7
 1930  5 31    42.8    19.7
 1930  6 30    38.8    17.7
 1930  7 31    33.0    12.2
 1930  8 31    33.2    16.5
 1930  9 30    44.7    27.3
 1930 10 31    29.8     9.6
 1930 11 30    38.3    27.4
 1930 12 31    37.0    20.9
 1931  1 31    18.2    13.3
 1931  2 28    41.0    19.6
 1931  3 31    34.1    12.3
 1931  4 30    43.0    11.6
 1931  5 31    30.5    10.4
 1931  6 30    18.3    17.9
 1931  7 31    25.4    17.5
 1931  8 31    19.8    19.8
 1931  9 30    27.0     8.6
 1931 10 31    13.4     7.5
 1931 11 30    19.5    13.1
 1931 12 31    21.2    12.8
 1932  1 31    18.0    15.0
 1932  2 29    11.9    11.1
 1932  3 31    13.9    13.9
 1932  4 30    10.0     9.0
 1932  5 31    24.2    16.8
 1932  6 30    25.3    10.6
 1932  7 31    12.7    11.5
 1932  8 31     9.8    10.0
 1932  9 30     5.6     7.5
 1932 10 31    12.8     8.6
 1932 11 30     6.2     6.2
 1932 12 31    11.6     6.7
 1933  1 31    15.5    14.7
 1933  2 28    15.8    16.0
 1933  3 31    11.4     8.6
 1933  4 30     3.0     5.9
 1933  5 31     4.3     6.9
 1933  6 30     6.6     7.3
 1933  7 31     4.3     8.5
 1933  8 31      .5     2.5
 1933  9 30     6.1     6.6
 1933 10 31     3.1     5.9
 1933 11 30      .4     2.2
 1933 12 31      .4     2.3
 1934  1 31     4.2     6.1
 1934  2 28    10.7     7.5
 1934  3 31     5.8     8.6
 1934  4 30    11.6     9.0
 1934  5 31    18.1    11.5
 1934  6 30     7.1     9.5
 1934  7 31    13.8    14.3
 1934  8 31     9.5    10.7
 1934  9 30     5.9     9.1
 1934 10 31     8.7     7.5
 1934 11 30    10.0    10.5
 1934 12 31    19.8    19.8
 1935  1 31    23.0    11.2
 1935  2 28    23.1     8.4
 1935  3 31    28.0    21.9
 1935  4 30    15.3    12.7
 1935  5 31    34.3    24.8
 1935  6 30    49.6    15.6
 1935  7 31    37.5    21.6
 1935  8 31    39.2    13.9
 1935  9 30    54.1    23.7
 1935 10 31    73.5    30.3
 1935 11 30    66.9    28.3
 1935 12 31    69.6    21.6
 1936  1 31    65.7    21.5
 1936  2 29    87.8    22.6
 1936  3 31    83.4    13.4
 1936  4 30    90.7    20.1
 1936  5 31    71.7    17.8
 1936  6 30    79.9    25.6
 1936  7 31    60.2    15.8
 1936  8 31    92.4    23.8
 1936  9 30    88.2    27.9
 1936 10 31    98.6    22.3
 1936 11 30   114.5    48.1
 1936 12 31   133.2    47.4
 1937  1 31   143.5    35.9
 1937  2 28   154.5    42.6
 1937  3 31   104.0    39.8
 1937  4 30   103.6    28.0
 1937  5 31   119.9    40.6
 1937  6 30   121.2    33.4
 1937  7 31   139.6    39.8
 1937  8 31   143.7    39.4
 1937  9 30   116.5    21.7
 1937 10 31   114.3    26.9
 1937 11 30    95.7    17.5
 1937 12 31    90.7    22.6
 1938  1 31    96.4    16.3
 1938  2 28   110.5    23.0
 1938  3 31    86.2    32.8
 1938  4 30   104.9    17.2
 1938  5 31   138.4    25.5
 1938  6 30   109.3    23.1
 1938  7 31   153.2    22.6
 1938  8 31   140.0    23.7
 1938  9 30    95.2    30.9
 1938 10 31   105.7    41.0
 1938 11 30   117.5    43.4
 1938 12 31   105.7    31.2
 1939  1 31   102.4    19.5
 1939  2 28    93.2    20.9
 1939  3 31    76.5    25.8
 1939  4 30   123.8    31.7
 1939  5 31   137.5    24.4
 1939  6 30   119.1    25.9
 1939  7 31    89.8    27.2
 1939  8 31    98.5    28.3
 1939  9 30   101.5    19.9
 1939 10 31    92.9    23.8
 1939 11 30    73.2    11.0
 1939 12 31    59.4    14.5
 1940  1 31    49.3    14.6
 1940  2 29    63.7    12.6
 1940  3 31    87.3    26.4
 1940  4 30    75.6    17.5
 1940  5 31    59.1    21.8
 1940  6 30    84.4    24.1
 1940  7 31    76.2    18.8
 1940  8 31    92.1    16.8
 1940  9 30    65.5    15.1
 1940 10 31    57.2     9.8
 1940 11 30    69.9    26.5
 1940 12 31    79.8    40.4
 1941  1 31    53.3    18.8
 1941  2 28    54.6    22.6
 1941  3 31    55.1    12.6
 1941  4 30    37.7    16.7
 1941  5 31    36.8    11.5
 1941  6 30    57.0    17.6
 1941  7 31    62.5    21.9
 1941  8 31    63.5    27.1
 1941  9 30    57.2    13.7
 1941 10 31    44.8    11.1
 1941 11 30    36.8    19.2
 1941 12 31    39.3    21.4
 1942  1 31    40.5    20.9
 1942  2 28    52.4    11.3
 1942  3 31    49.0    32.6
 1942  4 30    62.5    24.9
 1942  5 31    30.9    17.6
 1942  6 30    13.5    10.0
 1942  7 31    17.8    11.5
 1942  8 31    24.3     9.8
 1942  9 30    21.6     8.3
 1942 10 31    22.2    12.7
 1942 11 30    30.6    14.5
 1942 12 31    27.9    12.8
 1943  1 31    16.0    10.5
 1943  2 28    23.4    11.4
 1943  3 31    20.8     8.1
 1943  4 30    20.7     7.3
 1943  5 31    15.7     7.1
 1943  6 30    10.4     9.0
 1943  7 31    11.6     9.6
 1943  8 31    25.1    15.3
 1943  9 30     8.4     8.0
 1943 10 31     8.1     6.1
 1943 11 30    10.8     9.4
 1943 12 31    15.1     9.1
 1944  1 31     4.4     6.3
 1944  2 29      .6     2.5
 1944  3 31    10.7    12.0
 1944  4 30      .0      .2
 1944  5 31     1.8     4.9
 1944  6 30     7.0     6.1
 1944  7 31     5.6     5.9
 1944  8 31    21.1    12.5
 1944  9 30    11.5     7.1
 1944 10 31    21.8    12.7
 1944 11 30    13.8     8.3
 1944 12 31    30.5    19.2
 1945  1 31    26.3    12.3
 1945  2 28    15.3     8.5
 1945  3 31    21.4    10.8
 1945  4 30    30.9    16.4
 1945  5 31    38.6    14.5
 1945  6 30    42.4    22.4
 1945  7 31    44.2    23.8
 1945  8 31    29.5    17.0
 1945  9 30    37.5    19.6
 1945 10 31    69.7    15.3
 1945 11 30    59.3    13.6
 1945 12 31    32.4    12.7
 1946  1 31    51.9    23.0
 1946  2 28    91.1    19.0
 1946  3 31    84.4    18.4
 1946  4 30    86.9    26.7
 1946  5 31    86.2    30.5
 1946  6 30    85.1    30.7
 1946  7 31    97.7    20.5
 1946  8 31   102.7    14.8
 1946  9 30   102.3    35.1
 1946 10 31   119.8    36.2
 1946 11 30   126.6    25.3
 1946 12 31   108.7    17.6
 1947  1 31   119.0    48.9
 1947  2 28   124.6    30.4
 1947  3 31   127.6    29.2
 1947  4 30   137.8    36.5
 1947  5 31   182.4    41.6
 1947  6 30   152.7    40.5
 1947  7 31   150.0    26.1
 1947  8 31   161.0    50.6
 1947  9 30   157.1    44.2
 1947 10 31   158.2    35.8
 1947 11 30   147.1    49.5
 1947 12 31   121.3    17.8
 1948  1 31   127.0    16.1
 1948  2 29   100.3    18.6
 1948  3 31    95.5    25.5
 1948  4 30   168.0    28.6
 1948  5 31   142.6    27.3
 1948  6 30   139.1    20.1
 1948  7 31   126.6    24.4
 1948  8 31   150.1    33.2
 1948  9 30   125.2    42.7
 1948 10 31   125.9    46.0
 1948 11 30   103.7    15.2
 1948 12 31   125.5    27.7
 1949  1 31   118.3    25.8
 1949  2 28   157.7    35.6
 1949  3 31   162.4    19.2
 1949  4 30   148.9    19.7
 1949  5 31   115.8    23.7
 1949  6 30   116.1    31.5
 1949  7 31   118.7    33.4
 1949  8 31   110.0    40.3
 1949  9 30   127.7    34.7
 1949 10 31   118.0    25.9
 1949 11 30   135.5    20.9
 1949 12 31   122.1    19.6
 1950  1 31    97.1    28.2
 1950  2 28    85.6    37.7
 1950  3 31   111.4    27.7
 1950  4 30    88.3    28.6
 1950  5 31    94.3    27.3
 1950  6 30    75.8    15.1
 1950  7 31    75.5    20.4
 1950  8 31    78.0    15.5
 1950  9 30    52.7    17.1
 1950 10 31    54.8    21.9
 1950 11 30    50.3    17.9
 1950 12 31    47.9    32.4
 1951  1 31    46.8    23.0
 1951  2 28    52.6    20.4
 1951  3 31    52.1    20.6
 1951  4 30    67.2    18.7
 1951  5 31    81.4    34.7
 1951  6 30    64.3    16.3
 1951  7 31    61.7    20.1
 1951  8 31    52.3    24.2
 1951  9 30    74.3    21.1
 1951 10 31    48.8    19.0
 1951 11 30    61.1    10.1
 1951 12 31    37.1    10.4
 1952  1 31    38.3    18.1
 1952  2 29    21.2    12.3
 1952  3 31    21.9    20.9
 1952  4 30    26.9    13.8
 1952  5 31    23.5    12.9
 1952  6 30    41.2    23.4
 1952  7 31    34.3    14.9
 1952  8 31    52.5    13.6
 1952  9 30    28.7    18.8
 1952 10 31    20.5    12.1
 1952 11 30    16.0     7.4
 1952 12 31    30.4    17.0
 1953  1 31    27.4    19.7
 1953  2 28     4.7     6.6
 1953  3 31    10.5    14.8
 1953  4 30    23.6    19.6
 1953  5 31    12.1     9.8
 1953  6 30    19.9     6.9
 1953  7 31     6.4     8.1
 1953  8 31    23.6    23.6
 1953  9 30    23.4    16.3
 1953 10 31     7.4     6.9
 1953 11 30     1.8     4.7
 1953 12 31     2.3     4.8
 1954  1 31      .0      .0
 1954  2 28      .5     2.3
 1954  3 31     5.8     6.4
 1954  4 30     2.7     5.8
 1954  5 31      .4     2.2
 1954  6 30      .0      .0
 1954  7 31     6.0     6.7
 1954  8 31     8.7     6.1
 1954  9 30      .7     2.4
 1954 10 31     9.5     9.7
 1954 11 30    10.9    15.9
 1954 12 31     7.7     8.5
 1955  1 31    24.8    10.8
 1955  2 28    23.8    12.6
 1955  3 31     6.1     9.5
 1955  4 30    14.5    11.5
 1955  5 31    26.6    16.8
 1955  6 30    22.6    14.4
 1955  7 31    32.9    19.1
 1955  8 31    37.1    18.1
 1955  9 30    53.6    34.2
 1955 10 31    62.4    31.3
 1955 11 30    79.4    15.4
 1955 12 31    73.0    14.5
 1956  1 31    68.3    15.8
 1956  2 29   111.0    47.0
 1956  3 31   120.9    21.7
 1956  4 30   121.5    54.0
 1956  5 31   117.8    26.9
 1956  6 30   105.0    18.7
 1956  7 31   116.0    37.9
 1956  8 31   154.3    34.9
 1956  9 30   164.9    45.7
 1956 10 31   133.2    21.9
 1956 11 30   144.9    33.9
 1956 12 31   155.9    31.2
 1957  1 31   145.2    28.3
 1957  2 28   128.5    26.1
 1957  3 31   145.4    28.7
 1957  4 30   159.6    32.2
 1957  5 31   139.5    35.0
 1957  6 30   157.6    19.1
 1957  7 31   168.9    36.3
 1957  8 31   141.3    28.1
 1957  9 30   164.1    32.8
 1957 10 31   222.1    30.3
 1957 11 30   199.8    32.1
 1957 12 31   219.0    38.5
 1958  1 31   220.0    46.8
 1958  2 28   162.7    16.0
 1958  3 31   156.9    27.3
 1958  4 30   187.8    39.5
 1958  5 31   184.8    42.9
 1958  6 30   155.8    35.0
 1958  7 31   167.0    26.4
 1958  8 31   181.6    31.3
 1958  9 30   188.0    32.1
 1958 10 31   173.8    32.6
 1958 11 30   146.7    38.8
 1958 12 31   176.5    42.5
 1959  1 31   212.6    34.9
 1959  2 28   144.8    32.0
 1959  3 31   174.2    20.6
 1959  4 30   160.1    33.8
 1959  5 31   145.2    25.1
 1959  6 30   159.6    17.4
 1959  7 31   142.0    22.5
 1959  8 31   170.6    23.9
 1959  9 30   139.9    31.3
 1959 10 31   117.5    20.9
 1959 11 30   110.6    20.0
 1959 12 31   117.2    26.4
 1960  1 31   146.4    20.4
 1960  2 29   100.3    49.2
 1960  3 31    99.0    22.4
 1960  4 30    98.9    17.9
 1960  5 31   109.6    14.4
 1960  6 30   105.2    29.0
 1960  7 31   105.3    24.8
 1960  8 31   110.0    49.2
 1960  9 30   129.4    39.5
 1960 10 31    76.9    34.5
 1960 11 30    74.2    17.8
 1960 12 31    90.4    26.5
 1961  1 31    48.5    21.3
 1961  2 28    46.4    17.3
 1961  3 31    58.8    24.3
 1961  4 30    62.6    18.1
 1961  5 31    45.0    15.8
 1961  6 30    65.5    25.3
 1961  7 31    58.9    15.3
 1961  8 31    51.9    32.1
 1961  9 30    43.5    20.1
 1961 10 31    39.4    17.6
 1961 11 30    34.2    24.7
 1961 12 31    34.6    23.5
 1962  1 31    27.2    18.1
 1962  2 28    37.3    19.0
 1962  3 31    36.0    18.5
 1962  4 30    37.8    15.5
 1962  5 31    35.5     8.6
 1962  6 30    40.2    16.2
 1962  7 31    19.4     8.2
 1962  8 31    16.5    12.9
 1962  9 30    42.9    17.0
 1962 10 31    36.0    11.1
 1962 11 30    24.6    13.9
 1962 12 31    23.4    17.5
 1963  1 31    22.2    11.1
 1963  2 28    24.2     9.6
 1963  3 31    16.8     9.7
 1963  4 30    23.2    20.0
 1963  5 31    36.5    16.3
 1963  6 30    31.9    13.5
 1963  7 31    18.8     8.9
 1963  8 31    29.3    14.3
 1963  9 30    28.7    16.5
 1963 10 31    27.9    18.1
 1963 11 30    22.4    14.2
 1963 12 31    11.8    10.2
 1964  1 31    16.9     7.6
 1964  2 29    17.0    15.8
 1964  3 31    15.1    12.8
 1964  4 30     8.1     7.2
 1964  5 31     9.1     6.4
 1964  6 30     9.2     9.5
 1964  7 31     3.7     6.0
 1964  8 31     9.0     9.9
 1964  9 30     4.9     6.9
 1964 10 31     5.6     7.3
 1964 11 30     5.9     7.7
 1964 12 31    18.0    14.6
 1965  1 31    20.3    11.1
 1965  2 28    20.0    12.0
 1965  3 31    13.4     7.8
 1965  4 30     7.9     8.5
 1965  5 31    20.2    19.0
 1965  6 30    13.6    13.1
 1965  7 31     9.7     8.2
 1965  8 31     7.5     7.7
 1965  9 30    15.8     8.7
 1965 10 31    16.1    11.0
 1965 11 30    14.6    13.1
 1965 12 31    15.8    15.2
 1966  1 31    21.7    14.8
 1966  2 28    24.0    14.4
 1966  3 31    16.3     7.5
 1966  4 30    34.0    13.0
 1966  5 31    36.8    18.6
 1966  6 30    50.1    20.6
 1966  7 31    60.3    15.3
 1966  8 31    54.7    22.2
 1966  9 30    39.3    11.9
 1966 10 31    58.8    19.8
 1966 11 30    60.0    10.8
 1966 12 31    69.3    15.6
 1967  1 31   104.0    29.1
 1967  2 28   100.5    22.4
 1967  3 31   102.7    34.6
 1967  4 30    81.0    21.4
 1967  5 31    90.9    47.7
 1967  6 30    72.9    29.3
 1967  7 31    91.8    16.1
 1967  8 31    97.5    18.3
 1967  9 30    85.0    33.8
 1967 10 31    94.3    32.8
 1967 11 30    98.9    31.5
 1967 12 31   129.7    22.3
 1968  1 31   103.5    33.4
 1968  2 29   101.9    37.3
 1968  3 31    93.5    30.6
 1968  4 30    86.5    20.0
 1968  5 31   132.3    21.9
 1968  6 30   107.5    26.4
 1968  7 31    87.6    31.7
 1968  8 31   102.4    29.8
 1968  9 30   116.7    23.9
 1968 10 31    84.0    14.9
 1968 11 30    76.2    23.4
 1968 12 31    86.2    21.5
 1969  1 31    87.9    16.3
 1969  2 28    96.9    22.1
 1969  3 31   120.0    24.2
 1969  4 30    93.3    27.1
 1969  5 31   112.3    31.6
 1969  6 30    95.6    33.5
 1969  7 31    93.9    30.7
 1969  8 31    80.0    32.9
 1969  9 30    90.3    20.1
 1969 10 31    83.6    26.9
 1969 11 30    83.8    22.5
 1969 12 31   113.8    40.3
 1970  1 31   112.1    37.3
 1970  2 28   126.3    19.4
 1970  3 31   105.4    25.5
 1970  4 30   106.0    22.7
 1970  5 31   127.7    17.9
 1970  6 30   101.6    22.9
 1970  7 31   114.6    29.4
 1970  8 31    98.8    29.2
 1970  9 30   117.8    21.8
 1970 10 31    92.3    27.0
 1970 11 30   104.5    17.3
 1970 12 31    94.5    13.8
 1971  1 31    88.0    18.6
 1971  2 28    84.0    17.0
 1971  3 31    74.4    21.6
 1971  4 30    89.1    29.9
 1971  5 31    61.5    20.9
 1971  6 30    60.0    24.1
 1971  7 31    88.8    22.5
 1971  8 31    66.8    23.0
 1971  9 30    52.5    18.9
 1971 10 31    53.8    17.6
 1971 11 30    69.6    18.8
 1971 12 31    93.3    23.8
 1972  1 31    66.6    27.6
 1972  2 29    84.1    24.0
 1972  3 31    86.2    27.0
 1972  4 30    74.1    19.0
 1972  5 31    62.3    25.2
 1972  6 30    86.0    23.3
 1972  7 31    91.3    18.6
 1972  8 31    79.1    35.9
 1972  9 30    77.3    21.4
 1972 10 31    67.3    30.6
 1972 11 30    46.7    23.9
 1972 12 31    43.0    14.7
 1973  1 31    42.4    18.4
 1973  2 28    52.5    24.8
 1973  3 31    43.5    13.9
 1973  4 30    47.5    21.1
 1973  5 31    37.7    15.1
 1973  6 30    44.4    17.0
 1973  7 31    24.0    12.5
 1973  8 31    31.5    21.2
 1973  9 30    64.4    35.9
 1973 10 31    36.5    28.6
 1973 11 30    23.2    18.4
 1973 12 31    23.4    17.9
 1974  1 31    33.5    30.9
 1974  2 28    27.5    17.6
 1974  3 31    24.8     9.0
 1974  4 30    32.3    16.0
 1974  5 31    39.3    35.7
 1974  6 30    30.2    15.0
 1974  7 31    48.0    12.0
 1974  8 31    43.1    25.6
 1974  9 30    42.9    25.4
 1974 10 31    41.7    29.8
 1974 11 30    25.2    10.3
 1974 12 31    20.2    15.7
 1975  1 31    22.2    13.0
 1975  2 28    10.1     9.3
 1975  3 31     9.8     9.1
 1975  4 30     4.7     8.8
 1975  5 31     8.3    12.2
 1975  6 30    12.0    10.7
 1975  7 31    31.7    10.1
 1975  8 31    28.0    10.2
 1975  9 30    17.7    11.5
 1975 10 31    10.3     7.9
 1975 11 30    17.7    12.0
 1975 12 31     8.1     7.7
 1976  1 31     8.6     9.0
 1976  2 29     4.4     6.7
 1976  3 31    17.0    10.2
 1976  4 30    21.1    12.0
 1976  5 31    15.3     9.9
 1976  6 30    13.8    10.3
 1976  7 31     2.9     5.3
 1976  8 31    18.1     8.0
 1976  9 30    15.8     9.2
 1976 10 31    23.4    12.6
 1976 11 30     5.5     6.2
 1976 12 31    16.3    13.4
 1977  1 31    18.4    13.6
 1977  2 28    23.2    19.1
 1977  3 31    12.5     8.2
 1977  4 30    13.1     7.0
 1977  5 31    19.7    12.5
 1977  6 30    31.2     9.6
 1977  7 31    24.5    15.5
 1977  8 31    33.5    13.4
 1977  9 30    43.8    12.8
 1977 10 31    54.8    12.3
 1977 11 30    38.9    16.0
 1977 12 31    48.1    17.1
 1978  1 31    60.2    31.4
 1978  2 28    99.1    25.5
 1978  3 31    92.6    22.0
 1978  4 30   117.6    21.2
 1978  5 31    91.5    18.4
 1978  6 30   106.6    40.5
 1978  7 31    78.8    28.0
 1978  8 31    67.5    23.4
 1978  9 30   129.9    32.1
 1978 10 31   150.3    26.6
 1978 11 30   108.8    21.5
 1978 12 31   129.0    16.8
 1979  1 31   179.4    21.8
 1979  2 28   145.7    18.3
 1979  3 31   166.0    24.9
 1979  4 30    96.2    15.5
 1979  5 31   154.6    34.9
 1979  6 30   151.3    27.4
 1979  7 31   156.9    28.9
 1979  8 31   135.0    33.0
 1979  9 30   166.1    38.8
 1979 10 31   175.1    25.2
 1979 11 30   174.1    38.7
 1979 12 31   167.5    75.0
 1980  1 31   143.5    33.5
 1980  2 29   126.2    32.5
 1980  3 31   128.7    38.6
 1980  4 30   115.4    15.1
 1980  5 31   155.1    28.3
 1980  6 30   153.4    22.9
 1980  7 31   142.3    38.6
 1980  8 31   145.4    45.6
 1980  9 30   144.7    31.3
 1980 10 31   150.1    31.0
 1980 11 30   123.2    38.8
 1980 12 31   165.4    32.6
 1981  1 31   126.6    26.5
 1981  2 28   127.0    24.8
 1981  3 31   142.5    23.9
 1981  4 30   149.8    35.1
 1981  5 31   133.9    47.9
 1981  6 30    93.7    24.4
 1981  7 31   137.5    25.9
 1981  8 31   149.6    46.2
 1981  9 30   180.7    22.5
 1981 10 31   150.2    35.6
 1981 11 30   139.8    52.0
 1981 12 31   160.0    57.5
 1982  1 31   127.1    35.9
 1982  2 28   157.8    41.4
 1982  3 31   153.3    15.7
 1982  4 30   138.1    28.3
 1982  5 31    94.3    22.4
 1982  6 30   101.1    24.6
 1982  7 31    86.2    48.9
 1982  8 31   106.5    29.0
 1982  9 30   119.6    29.0
 1982 10 31   100.9    19.9
 1982 11 30   103.7    18.5
 1982 12 31   108.7    27.4
 1983  1 31   100.5    16.4
 1983  2 28    65.4    31.3
 1983  3 31    74.7    23.3
 1983  4 30    82.2    22.3
 1983  5 31    96.2    20.9
 1983  6 30    84.8    29.8
 1983  7 31    89.0    19.2
 1983  8 31    75.8    15.5
 1983  9 30    58.5    18.7
 1983 10 31    58.1    30.0
 1983 11 30    36.7    28.6
 1983 12 31    37.7    19.8
 1984  1 31    54.7    23.0
 1984  2 29    71.1    13.1
 1984  3 31    94.6    23.5
 1984  4 30    51.8    19.8
 1984  5 31    55.9    13.6
 1984  6 30    52.5    17.3
 1984  7 31    54.6    26.2
 1984  8 31    27.8    10.1
 1984  9 30    16.1    21.3
 1984 10 31     9.2     6.3
 1984 11 30    19.2     9.4
 1984 12 31    20.7     6.6
 1985  1 31    13.1    11.7
 1985  2 28    19.2     7.2
 1985  3 31    15.8    11.7
 1985  4 30    13.2     8.9
 1985  5 31    27.2    12.5
 1985  6 30    29.4    18.8
 1985  7 31    29.4    16.1
 1985  8 31    12.5    11.1
 1985  9 30     6.0     6.8
 1985 10 31    12.9    12.2
 1985 11 30    14.2    13.0
 1985 12 31    10.4    10.1
 1986  1 31     3.6     5.8
 1986  2 28    16.5    11.3
 1986  3 31    10.8     7.9
 1986  4 30    17.1    11.1
 1986  5 31    14.2    10.1
 1986  6 30      .9     3.1
 1986  7 31    16.8     9.8
 1986  8 31     9.8     6.1
 1986  9 30     5.1     6.7
 1986 10 31    29.7    18.9
 1986 11 30    14.5    12.2
 1986 12 31     6.4     8.6
 1987  1 31    11.4     7.7
 1987  2 28     6.0     8.0
 1987  3 31    16.7     6.7
 1987  4 30    37.5    18.4
 1987  5 31    28.2    10.9
 1987  6 30    17.5    14.5
 1987  7 31    29.0    29.7
 1987  8 31    36.5    11.7
 1987  9 30    33.3    12.1
 1987 10 31    47.0    14.3
 1987 11 30    40.6    14.6
 1987 12 31    27.4    10.2
 1988  1 31    57.0    16.6
 1988  2 29    45.0    16.8
 1988  3 31    56.0    13.1
 1988  4 30    78.2    28.4
 1988  5 31    60.5    23.1
 1988  6 30    88.2    18.1
 1988  7 31    83.7    14.0
 1988  8 31    99.7    27.6
 1988  9 30   125.1    26.8
 1988 10 31   112.3    32.3
 1988 11 30   116.0    25.5
 1988 12 31   149.9    25.4
 1989  1 31   122.5    32.4
 1989  2 28   136.5    21.0
 1989  3 31   126.0    25.6
 1989  4 30   124.1    25.6
 1989  5 31   146.1    38.3
 1989  6 30   181.9    30.7
 1989  7 31   147.5    19.5
 1989  8 31   184.6    44.6
 1989  9 30   135.4    36.5
 1989 10 31   166.9    40.5
 1989 11 30   143.5    35.9
 1989 12 31   156.9    38.5
 1990  1 31   166.0    30.6
 1990  2 28   136.5    44.9
 1990  3 31   136.4    42.1
 1990  4 30   142.1    25.3
 1990  5 31   131.1    23.4
 1990  6 30   136.3    30.6
 1990  7 31   149.5    40.5
 1990  8 31   195.9    37.6
 1990  9 30   155.1    21.7
 1990 10 31   163.3    44.8
 1990 11 30   131.5    50.8
 1990 12 31   138.5    53.8
 1991  1 31   131.3    28.0
 1991  2 28   177.5    27.1
 1991  3 31   125.9    22.3
 1991  4 30   155.5    47.0
 1991  5 31   131.0    28.9
 1991  6 30   168.2    24.3
 1991  7 31   176.1    46.8
 1991  8 31   179.2    58.6
 1991  9 30   132.1    18.9
 1991 10 31   127.2    22.4
 1991 11 30   123.1    24.8
 1991 12 31   127.7    26.1
 1992  1 31   137.5    31.1
 1992  2 29   163.5    28.4
 1992  3 31   125.4    26.9
 1992  4 30    97.8    35.7
 1992  5 31    73.4    15.9
 1992  6 30    78.5    18.1
 1992  7 31    74.9    27.5
 1992  8 31    61.6    24.3
 1992  9 30    71.0    26.2
 1992 10 31    89.2    25.7
 1992 11 30    94.7    20.4
 1992 12 31    86.4    19.2
 1993  1 31    69.7    21.5
 1993  2 28    82.0    18.6
 1993  3 31    67.5    15.6
 1993  4 30    59.6    21.4
 1993  5 31    53.5    18.3
 1993  6 30    44.6    23.5
 1993  7 31    69.0    11.8
 1993  8 31    49.2    17.4
 1993  9 30    27.0    14.7
 1993 10 31    47.3    12.1
 1993 11 30    30.4    15.0
 1993 12 31    46.6    14.5
 1994  1 31    51.1    16.7
 1994  2 28    47.4    10.9
 1994  3 31    41.0    17.3
 1994  4 30    24.1    18.0
 1994  5 31    26.7    17.4
 1994  6 30    33.7    22.9
 1994  7 31    41.0    22.6
 1994  8 31    28.2    14.4
 1994  9 30    32.1    21.3
 1994 10 31    49.0    14.7
 1994 11 30    27.5    14.6
 1994 12 31    26.5    13.2
 1995  1 31    27.7    17.6
 1995  2 28    39.6    12.8
 1995  3 31    35.4    15.6
 1995  4 30    11.0    10.2
 1995  5 31    15.1    14.0
 1995  6 30    18.3    11.9
 1995  7 31    17.0    12.1
 1995  8 31    18.5    13.2
 1995  9 30    12.5    12.0
 1995 10 31    13.9     9.9
 1995 11 30    11.7    10.8
 1995 12 31     7.6     9.0
